15 15 10 40 20
20 7 2 1 1
2 1 0 0 0
5 5 5 5 5 5 5 5 5 5 5 5 5 5 5 5 5 5 5 5
10 10 10 10 10 10 10
50 50
100
100
123456789 5 5 5 5 5 5 5 5 5 5 5 5 5 5 5 5 5 5 5 5 10 10 10 10 10 10 10 50 50 100 100
112325654 4 5 5 3 2 5 5 5 5 5 4 5 5 1 0 5 5 4 5 5 9 8 10 10 7 7 6 45 35 89 90
123548973 4 5 3 3 2 5 5 5 5 5 4 5 5 1 5 5 5 4 5 5 9 8 9 10 7 7 6 45 35 89 76
987654321 5 5 4 5 5 5 5 5 5 5 5 5 5 5 5 5 5 5 5 5 10 10 9 10 10 9 10 50 50 95 93
523156321 4 5 5 3 2 5 5 4 5 5 4 5 5 1 4 5 5 4 5 5 9 8 10 8 7 7 6 45 35 89 100
