10 4 2 1 1
0 1 0 0 0
5 5 5 5 5 5 5 5 5 5 10 10 10 10 50 50 100 100 
3 5 3 2 2 5 1 5 0 0 3 7 1 9 39 43 42 83 
5 3 5 5 0 5 4 2 0 3 8 0 5 1 43 43 38 44 
0 0 0 1 5 0 4 4 4 3 1 5 8 9 31 46 34 63 
2 1 4 0 1 4 0 2 2 1 0 10 6 8 43 45 28 37 
1 4 5 1 4 1 0 5 2 4 9 9 5 7 34 35 49 52 
0 0 0 1 3 1 2 3 3 0 7 10 6 6 39 47 26 89 
3 1 4 2 0 3 3 2 3 3 6 0 9 10 31 36 69 42 
0 1 3 5 3 3 0 5 3 3 9 0 9 2 47 34 48 42 
1 3 2 5 5 5 3 2 2 4 8 3 6 10 49 33 70 43 
0 5 4 4 2 5 3 4 2 2 9 7 6 8 50 50 52 83 
2 4 3 2 5 5 5 3 4 5 1 9 5 10 29 30 25 65 
5 0 1 3 2 0 1 0 0 4 4 4 8 7 44 45 81 86 
4 0 4 3 1 5 1 5 3 5 1 0 8 10 42 46 32 74 
3 5 2 3 1 2 2 2 2 3 1 8 4 9 27 31 91 74 
4 0 3 2 4 2 0 2 2 2 1 8 8 6 46 27 88 38 
0 0 3 0 3 1 4 0 4 3 2 2 9 4 26 25 60 30 
5 5 1 1 4 1 5 0 1 3 9 9 0 0 50 47 31 28 
3 0 3 1 0 2 1 4 1 2 2 3 5 4 50 50 35 33 
3 0 5 5 4 2 5 1 2 2 2 2 5 9 31 44 38 49 
2 0 0 2 5 2 3 5 2 5 2 6 3 4 47 48 76 28 
1 0 4 5 5 1 5 1 3 4 5 4 2 4 28 44 73 47 
0 0 3 3 1 2 0 4 2 3 2 7 8 3 28 33 88 53 
2 0 2 5 0 4 1 4 4 0 9 5 6 0 43 33 64 50 
4 1 4 5 0 3 3 1 3 0 3 1 0 5 39 26 50 92 
4 1 4 1 2 1 0 1 1 2 1 7 2 5 40 34 74 83 
2 5 5 2 0 1 4 5 0 0 7 3 9 6 36 30 27 59 
1 0 3 1 2 4 1 0 0 1 4 0 7 9 47 28 44 50 
5 5 1 1 0 2 2 5 1 2 2 8 9 4 25 48 66 90 
4 3 5 4 1 3 0 5 1 2 3 1 1 1 41 30 29 98 
4 5 1 4 2 3 1 1 4 3 9 4 1 7 33 30 31 61 
4 1 0 3 5 4 2 4 2 4 8 6 7 4 30 32 39 34 
5 4 3 4 0 3 0 4 0 3 10 1 5 6 43 46 29 66 
3 1 0 4 2 1 3 4 3 0 5 1 4 1 27 50 80 78 
3 2 1 5 2 5 4 0 0 1 0 4 6 5 28 34 57 86 
1 4 5 0 1 3 4 3 1 3 3 4 10 5 34 34 97 86 
4 3 3 5 0 5 1 5 2 3 0 0 10 3 30 25 58 70 
3 1 2 1 3 3 4 2 4 3 10 8 5 2 37 35 27 34 
0 5 1 0 0 5 0 5 0 0 2 10 4 7 49 36 85 29 
3 2 2 5 5 1 1 4 2 2 9 7 4 9 40 44 41 27 
5 3 1 2 1 4 4 3 2 0 9 4 8 7 37 38 25 48 