15 15 10 40 20
20 7 2 1 1
2 1 0 0 0
5 5 5 5 5 5 5 5 5 5 5 5 5 5 5 5 5 5 5 5 10 10 10 10 10 10 10 50 50 100 100
920000001 1 1 2 2 3 3 4 4 5 5 1 1 2 2 3 3 4 4 5 5 6 7 8 9 5 6 7 30 28 88 90
920000002 2 2 3 3 4 4 5 5 1 1 2 2 3 3 4 4 5 5 1 1 7 8 9 10 6 7 8 35 38 90 92
920000003 3 3 4 4 5 5 1 1 2 2 3 3 4 4 5 5 1 1 2 2 8 9 10 9 7 8 9 40 42 92 94
920000004 4 4 5 5 1 1 2 2 3 3 4 4 5 5 1 1 2 2 3 3 9 10 9 10 8 9 10 45 47 95 97
920000005 5 5 1 1 2 2 3 3 4 4 5 5 1 1 2 2 3 3 4 4 10 9 8 7 10 9 8 48 46 98 99
920000006 0 1 1 2 2 3 3 4 4 5 5 0 1 1 2 2 3 3 4 4 5 5 6 7 8 6 7 18 20 85 88
920000007 1 0 1 0 2 1 2 1 3 2 3 2 4 3 4 3 5 4 5 4 3 4 5 6 7 5 6 15 18 80 82
920000008 5 4 3 2 1 5 4 3 2 1 5 4 3 2 1 5 4 3 2 1 9 8 7 6 10 9 8 42 39 86 84
920000009 4 5 4 5 4 5 4 5 4 5 4 5 4 5 4 5 4 5 4 5 10 9 10 9 10 9 10 49 47 96 97
920000010 3 3 3 3 3 3 3 3 3 3 3 3 3 3 3 3 3 3 3 3 7 7 7 7 7 7 7 35 35 85 85
920000011 2 3 2 3 2 3 2 3 2 3 2 3 2 3 2 3 2 3 2 3 6 7 6 7 6 7 6 30 32 88 90
920000012 5 5 5 5 5 5 5 5 5 5 5 5 5 5 5 5 5 5 5 5 10 10 10 10 10 10 10 50 50 100 100
920000013 4 3 5 4 2 5 4 3 5 4 2 5 4 3 5 4 2 5 4 3 10 8 9 7 8 9 10 45 40 90 92
920000014 1 2 3 4 5 1 2 3 4 5 1 2 3 4 5 1 2 3 4 5 4 5 6 7 8 6 7 19 21 78 80
920000015 5 2 4 1 3 5 2 4 1 3 5 2 4 1 3 5 2 4 1 3 8 6 7 5 9 7 6 40 30 90 92
920000016 3 5 3 5 3 5 3 5 3 5 3 5 3 5 3 5 3 5 3 5 10 9 8 7 6 9 8 45 42 88 90
920000017 2 4 2 4 2 4 2 4 2 4 2 4 2 4 2 4 2 4 2 4 6 8 6 8 6 8 6 30 38 85 88
920000018 0 0 1 1 2 2 3 3 4 4 5 5 0 0 1 1 2 2 3 3 4 4 5 6 7 5 6 12 15 82 85
920000019 4 4 4 4 4 4 4 4 4 4 4 4 4 4 4 4 4 4 4 4 8 8 8 8 8 8 8 40 40 88 90
920000020 5 4 5 4 5 4 5 4 5 4 5 4 5 4 5 4 5 4 5 4 9 10 9 10 9 10 9 47 49 95 97
920000021 1 2 1 2 1 2 1 2 1 2 1 2 1 2 1 2 1 2 1 2 5 6 5 6 5 6 5 22 24 78 80
920000022 3 1 2 4 3 1 2 4 3 1 2 4 3 1 2 4 3 1 2 4 6 7 5 8 6 7 6 27 29 82 84
920000023 5 5 4 5 4 5 4 5 4 5 4 5 4 5 4 5 4 5 4 5 10 9 10 9 10 9 10 49 47 98 99
920000024 2 2 3 3 4 4 5 5 1 1 2 2 3 3 4 4 5 5 2 2 5 6 7 6 7 6 8 22 26 80 82
920000025 4 3 5 4 2 5 4 3 5 4 2 5 4 3 5 4 2 5 4 3 10 8 9 7 8 9 10 45 40 92 94
920000026 1 1 1 1 1 1 1 1 1 1 1 1 1 1 1 1 1 1 1 1 4 4 4 4 4 4 4 20 20 70 72
920000027 5 3 5 3 5 3 5 3 5 3 5 3 5 3 5 3 5 3 5 3 9 7 9 7 9 7 9 44 36 90 88
920000028 3 2 4 3 5 4 3 2 4 3 5 4 3 2 4 3 5 4 3 2 8 7 9 8 7 9 8 38 42 88 90
920000029 0 1 2 3 4 0 1 2 3 4 0 1 2 3 4 0 1 2 3 4 3 4 5 6 7 5 6 15 18 75 78
920000030 5 4 3 2 1 5 4 3 2 1 5 4 3 2 1 5 4 3 2 1 9 8 7 6 10 9 8 42 39 90 92
