15 15 10 40 20
20 7 2 1 1
2 1 0 0 0
5 5 5 5 5 5 5 5 5 5 5 5 5 5 5 5 5 5 5 5 10 10 10 10 10 10 10 50 50 100 100
523156321 4 5 5 3 2 5 5 4 5 5 4 5 5 1 4 5 5 4 5 5 9 8 10 8 7 7 6 45 35 89 100
987654321 5 5 4 5 5 5 5 5 5 5 5 5 5 5 5 5 5 5 5 5 10 10 9 10 10 9 10 50 50 95 93
123548973 4 5 3 3 2 5 5 5 5 5 4 5 5 1 5 5 5 4 5 5 9 8 9 10 7 7 6 45 35 89 76
112325654 4 5 5 3 2 5 5 5 5 5 4 5 5 1 0 5 5 4 5 5 9 8 10 10 7 7 6 45 35 89 90
100000001 5 4 4 3 5 5 4 2 5 4 4 5 3 2 5 4 5 5 4 3 9 8 10 9 7 8 9 44 40 91 88
100000002 3 2 4 5 3 2 4 5 3 2 4 5 3 2 4 5 3 2 4 5 7 6 8 7 6 7 6 30 28 78 81
100000003 5 5 5 5 5 5 5 5 5 5 5 5 5 5 5 5 5 5 5 5 10 10 10 10 10 10 10 50 50 100 100
100000004 4 4 4 4 4 4 4 4 4 4 4 4 4 4 4 4 4 4 4 4 8 8 8 8 8 8 8 40 40 85 90
100000005 2 3 2 4 3 2 4 3 2 4 3 2 4 3 2 4 3 2 4 3 6 7 6 7 6 7 6 25 32 70 75
100000006 5 5 4 4 3 3 2 2 5 5 4 4 3 3 2 2 5 5 4 4 9 9 8 8 7 7 6 46 42 90 87
100000007 1 1 2 2 3 3 4 4 2 2 3 3 4 4 5 5 1 2 3 4 5 5 6 6 7 7 8 18 22 60 65
100000008 4 5 5 4 4 5 5 4 3 4 5 5 4 3 4 5 5 4 3 4 10 9 10 9 8 8 7 48 45 94 96
100000009 3 3 3 3 3 3 3 3 3 3 3 3 3 3 3 3 3 3 3 3 7 7 7 7 7 7 7 35 35 80 80
100000010 5 4 5 4 5 4 5 4 5 4 5 4 5 4 5 4 5 4 5 4 9 10 9 10 9 10 9 47 49 98 95
100000011 0 2 1 3 2 4 3 5 1 2 3 4 5 0 2 1 3 2 4 5 4 6 5 7 6 8 7 20 27 68 72
100000012 4 4 5 5 4 4 5 5 4 4 5 5 4 4 5 5 4 4 5 5 8 9 8 9 8 9 8 41 44 86 89
100000013 2 2 2 2 2 2 2 2 2 2 2 2 2 2 2 2 2 2 2 2 5 5 5 5 5 5 5 28 30 70 70
100000014 5 3 4 2 5 3 4 2 5 3 4 2 5 3 4 2 5 3 4 2 8 7 9 6 8 7 9 43 37 84 82
100000015 3 4 3 4 3 4 3 4 3 4 3 4 3 4 3 4 3 4 3 4 7 8 7 8 7 8 7 34 36 79 83
100000016 4 5 4 5 4 5 4 5 4 5 4 5 4 5 4 5 4 5 4 5 9 9 10 10 8 8 7 46 48 92 94
100000017 1 0 1 0 2 1 2 1 3 2 3 2 4 3 4 3 5 4 5 4 3 4 5 6 7 5 6 15 18 55 60
100000018 5 5 5 4 4 4 3 3 3 2 2 2 1 1 1 5 5 4 4 3 8 8 9 9 10 7 7 38 41 80 85
100000019 4 3 5 4 2 5 4 3 5 4 2 5 4 3 5 4 2 5 4 3 10 8 9 7 8 9 10 45 40 88 92
100000020 2 4 1 3 2 4 1 3 2 4 1 3 2 4 1 3 2 4 1 3 6 5 7 6 5 7 6 29 31 73 76
100000021 5 4 3 2 1 5 4 3 2 1 5 4 3 2 1 5 4 3 2 1 9 8 7 6 10 9 8 42 39 86 84
