15 15 10 40 20
20 7 2 1 1
2 1 0 0 0
5 5 5 5 5 5 5 5 5 5 5 5 5 5 5 5 5 5 5 5 10 10 10 10 10 10 10 50 50 100 100
700000001 4 5 5 4 3 5 5 4 3 5 5 4 3 5 5 4 3 5 5 4 10 9 10 9 8 8 7 48 46 95 96
700000002 3 2 4 3 2 4 3 2 4 3 2 4 3 2 4 3 2 4 3 2 7 6 8 7 6 7 6 30 28 78 80
700000003 5 5 5 5 5 5 5 5 5 5 5 5 5 5 5 5 5 5 5 5 10 10 10 10 10 10 10 50 50 100 100
700000004 4 4 4 4 4 4 4 4 4 4 4 4 4 4 4 4 4 4 4 4 8 8 8 8 8 8 8 40 40 85 90
700000005 2 3 2 4 3 2 4 3 2 4 3 2 4 3 2 4 3 2 4 3 6 7 6 7 6 7 6 25 32 70 75
700000006 5 5 4 4 3 3 2 2 5 5 4 4 3 3 2 2 5 5 4 4 9 9 8 8 7 7 6 46 42 90 87
700000007 1 1 2 2 3 3 4 4 2 2 3 3 4 4 5 5 1 2 3 4 5 5 6 6 7 7 8 18 22 60 65
700000008 4 5 5 4 4 5 5 4 3 4 5 5 4 3 4 5 5 4 3 4 10 9 10 9 8 8 7 48 45 94 96
700000009 3 3 3 3 3 3 3 3 3 3 3 3 3 3 3 3 3 3 3 3 7 7 7 7 7 7 7 35 35 80 80
700000010 5 4 5 4 5 4 5 4 5 4 5 4 5 4 5 4 5 4 5 4 9 10 9 10 9 10 9 47 49 98 95
700000011 0 2 1 3 2 4 3 5 1 2 3 4 5 0 2 1 3 2 4 5 4 6 5 7 6 8 7 20 27 68 72
700000012 4 4 5 5 4 4 5 5 4 4 5 5 4 4 5 5 4 4 5 5 8 9 8 9 8 9 8 41 44 86 89
700000013 2 2 2 2 2 2 2 2 2 2 2 2 2 2 2 2 2 2 2 2 5 5 5 5 5 5 5 28 30 70 70
700000014 5 3 4 2 5 3 4 2 5 3 4 2 5 3 4 2 5 3 4 2 8 7 9 6 8 7 9 43 37 84 82
700000015 3 4 3 4 3 4 3 4 3 4 3 4 3 4 3 4 3 4 3 4 7 8 7 8 7 8 7 34 36 79 83
700000016 4 5 4 5 4 5 4 5 4 5 4 5 4 5 4 5 4 5 4 5 9 9 10 10 8 8 7 46 48 92 94
700000017 1 0 1 0 2 1 2 1 3 2 3 2 4 3 4 3 5 4 5 4 3 4 5 6 7 5 6 15 18 55 60
700000018 5 5 5 4 4 4 3 3 3 2 2 2 1 1 1 5 5 4 4 3 8 8 9 9 10 7 7 38 41 80 85
700000019 4 3 5 4 2 5 4 3 5 4 2 5 4 3 5 4 2 5 4 3 10 8 9 7 8 9 10 45 40 88 92
700000020 2 4 1 3 2 4 1 3 2 4 1 3 2 4 1 3 2 4 1 3 6 5 7 6 5 7 6 29 31 73 76
700000021 5 4 3 2 1 5 4 3 2 1 5 4 3 2 1 5 4 3 2 1 9 8 7 6 10 9 8 42 39 86 84
700000022 4 5 4 3 5 4 3 5 4 3 5 4 3 5 4 3 5 4 3 5 9 8 9 8 7 7 6 44 43 90 88
700000023 3 1 2 4 3 1 2 4 3 1 2 4 3 1 2 4 3 1 2 4 6 7 5 8 6 7 6 27 29 72 74
700000024 5 5 4 5 4 5 4 5 4 5 4 5 4 5 4 5 4 5 4 5 10 9 10 9 10 9 10 49 47 96 97
700000025 2 2 3 3 4 4 5 5 1 1 2 2 3 3 4 4 5 5 2 2 5 6 7 6 7 6 8 22 26 65 70
700000026 4 4 3 3 2 2 1 1 5 5 4 4 3 3 2 2 1 1 5 5 8 7 6 5 9 8 7 36 34 82 80
700000027 5 4 5 3 5 4 5 3 5 4 5 3 5 4 5 3 5 4 5 3 9 8 10 7 9 8 10 47 45 93 91
700000028 1 2 3 4 5 1 2 3 4 5 1 2 3 4 5 0 1 2 3 4 4 5 6 7 8 6 7 19 21 58 62
700000029 3 3 4 4 5 5 2 2 3 3 4 4 5 5 2 2 3 3 4 4 7 8 9 6 7 8 9 33 37 81 85
700000030 5 2 4 1 3 5 2 4 1 3 5 2 4 1 3 5 2 4 1 3 8 6 7 5 9 7 6 40 30 85 78
